419
  0.00000000000000000e+00  8.34103400193275840e+16
  4.68678652354772200e-14  8.34148459239129440e+16
  9.37357304709544399e-14  8.34185304431744960e+16
  1.17169663088693044e-13  8.34201727865715200e+16
  1.40603595706431673e-13  8.34217112020508320e+16
  1.87471460941908880e-13  8.34245342895687200e+16
  2.10905393559647484e-13  8.34258412672662400e+16
  2.34339326177386087e-13  8.34270891823247680e+16
  2.57773258795124716e-13  8.34282843792789600e+16
  2.81207191412863295e-13  8.34294321733769280e+16
  3.28075056648340502e-13  8.34316029497597760e+16
  3.74942921883817709e-13  8.34336303341077280e+16
  4.21810787119294917e-13  8.34355360950512000e+16
  4.68678652354772174e-13  8.34373369746102720e+16
  5.62414382825726589e-13  8.34406749275438080e+16
  6.56150113296681004e-13  8.34437216458498720e+16
  7.49885843767635418e-13  8.34465315936255360e+16
  8.43621574238589833e-13  8.34491447779988000e+16
  9.37357304709544349e-13  8.34515918171801440e+16
  1.12482876565145318e-12  8.34560793208524480e+16
  1.31230022659336201e-12  8.34601333968504160e+16
  1.49977168753527084e-12  8.34638472781196480e+16
  1.68718608469527446e-12  8.34672842517363520e+16
  1.87460048185527829e-12  8.34704913333854560e+16
  2.24942927617528554e-12  8.34763452030826400e+16
  2.62425807049529279e-12  8.34816006421124640e+16
  2.99908686481530005e-12  8.34863860191636160e+16
  3.20795194284979847e-12  8.34888833993390880e+16
  3.41681702088429690e-12  8.34912757553495840e+16
  3.69886780997609456e-12  8.34943578941201280e+16
  4.15218069295302721e-12  8.34990017942683680e+16
  4.50689797456379567e-12  8.35024067858503040e+16
  4.87620805512676483e-12  8.35057684852472480e+16
  5.42483664701257120e-12  8.35104643313729760e+16
  6.09193073922210875e-12  8.35157655689365280e+16
  6.73224972527967869e-12  8.35204974544713920e+16
  7.05449243967246705e-12  8.35227632649014240e+16
  7.47990377013567376e-12  8.35256481291986560e+16
  8.12679901389152974e-12  8.35298247502970400e+16
  9.19402067821672407e-12  8.35362335084304320e+16
  1.01713523472833216e-11  8.35416558343240480e+16
  1.10062566027979643e-11  8.35460010860623200e+16
  1.15680800763585886e-11  8.35487939327370400e+16
  1.25285600806090173e-11  8.35533507771274400e+16
  1.34099409477372719e-11  8.35573160598662080e+16
  1.44470140391800989e-11  8.35617479349835040e+16
  1.61003166347481029e-11  8.35683602421558240e+16
  1.69279096413456843e-11  8.35714875579441120e+16
  1.81591152898848752e-11  8.35759419894454720e+16
  1.91991946785342037e-11  8.35795383060825440e+16
  2.13917006154117410e-11  8.35866824301169760e+16
  2.35143419917591038e-11  8.35931130721164160e+16
  2.46477684802521401e-11  8.35963772401019040e+16
  2.64425272257206024e-11  8.36013318700112160e+16
  2.99986402383463968e-11  8.36104752581509120e+16
  3.19850903290967085e-11  8.36152467169007040e+16
  3.44350454410220730e-11  8.36208453768159040e+16
  4.02132033265129548e-11  8.36329901534753440e+16
  4.46632123477038230e-11  8.36414997050408000e+16
  4.84437475398005428e-11  8.36482510355968960e+16
  5.29373405617604902e-11  8.36557851352650080e+16
  5.88649759256629141e-11  8.36650238697442400e+16
  6.17486904270208371e-11  8.36692661594799520e+16
  6.55936430954980333e-11  8.36746944181899200e+16
  7.45243293553116351e-11  8.36864217274102400e+16
  8.03130936805021162e-11  8.36934548012039360e+16
  8.61262583510989071e-11  8.37001313033727040e+16
  9.20995101381100805e-11  8.37066342012396480e+16
  1.00248400720358634e-10  8.37149909928798240e+16
  1.09908891287442236e-10  8.37242296884902400e+16
  1.24687222281326036e-10  8.37371869583311360e+16
  1.32569906873214608e-10  8.37436056795920000e+16
  1.43230161561784303e-10  8.37518187567806240e+16
  1.62025721529019109e-10  8.37651813168460480e+16
  1.79420668974889541e-10  8.37764929865867200e+16
  1.88792761431419990e-10  8.37822323877232640e+16
  2.04110548863925100e-10  8.37911464877473600e+16
  2.20365834435879951e-10  8.38000494971268160e+16
  2.50198662257910200e-10  8.38151353947301440e+16
  2.76930335175531125e-10  8.38275188771343680e+16
  3.01539186923990583e-10  8.38381400775050880e+16
  3.29349464829763697e-10  8.38493861695346240e+16
  3.59298705394882852e-10  8.38607342409677920e+16
  3.96669306607534729e-10  8.38739572452544000e+16
  4.20269478422627212e-10  8.38818460680552320e+16
  4.74400226131991710e-10  8.38987953312229120e+16
  5.20196089973449960e-10  8.39120736091603040e+16
  5.65421207016346203e-10  8.39243805596896800e+16
  6.10646324059242446e-10  8.39359928644186240e+16
  6.71358362074188349e-10  8.39506343551459360e+16
  7.32070400089134252e-10  8.39643343092134880e+16
  8.04258830884770407e-10  8.39795704334198240e+16
  8.87923654461096915e-10  8.39960009271253280e+16
  9.71588478037436659e-10  8.40113037001563680e+16
  1.07510776466391330e-09  8.40289098673522880e+16
  1.19848151434052489e-09  8.40482719031900000e+16
  1.26016838917883058e-09  8.40573823184930080e+16
  1.32185526401713689e-09  8.40661540931319040e+16
  1.44522901369375054e-09  8.40827852564327040e+16
  1.56860276337036481e-09  8.40983456162136800e+16
  1.69197651304697391e-09  8.41129781922768960e+16
  1.92501581799167912e-09  8.41384761516424000e+16
  2.19652750037830494e-09  8.41652916943652800e+16
  2.52021975461535900e-09  8.41940452532099680e+16
  2.68206588173388707e-09  8.42073456071792800e+16
  2.84391200885241471e-09  8.42200274433277440e+16
  3.00575813597094236e-09  8.42321521442073440e+16
  3.32945039020780700e-09  8.42549298021433280e+16
  3.65314264444467039e-09  8.42760227540076160e+16
  4.13868102580055815e-09  8.43050495787057600e+16
  4.62421940715624491e-09  8.43315082121581440e+16
  4.94791166139330104e-09  8.43479585031235360e+16
  5.42278361476904646e-09  8.43706224080088000e+16
  5.89765556814478939e-09  8.43917799522245280e+16
  6.37252752152049924e-09  8.44116442037337920e+16
  6.84739947489620247e-09  8.44303851252908000e+16
  7.32227142827189743e-09  8.44481405432915360e+16
  7.79714338164759487e-09  8.44650237862925760e+16
  8.74688728839906420e-09  8.44965292379706880e+16
  9.22175924177478066e-09  8.45113058223408480e+16
  9.69663119515047728e-09  8.45255095691401440e+16
  1.06463751019019648e-08  8.45523888280373280e+16
  1.15961190086534573e-08  8.45775015670489920e+16
  1.27832988920931166e-08  8.46067888091100160e+16
  1.36584802163571507e-08  8.46270889509540640e+16
  1.45336615406212278e-08  8.46464284070464320e+16
  1.58464335270172898e-08  8.46738490427574240e+16
  1.71592055134133517e-08  8.46996067505424960e+16
  1.84719774998094864e-08  8.47239211997012960e+16
  2.06599308104693062e-08  8.47617010823167520e+16
  2.32854747832605830e-08  8.48032715852444320e+16
  2.46857649020835915e-08  8.48240331609846400e+16
  2.60860550209066033e-08  8.48439372638617120e+16
  2.92367077882570514e-08  8.48859764564288000e+16
  3.13371429664920918e-08  8.49121800897269440e+16
  3.34375781447271290e-08  8.49371204131840320e+16
  3.57624240064708841e-08  8.49634165141469760e+16
  3.92496927990873075e-08  8.50005998494902560e+16
  4.27369615917054383e-08  8.50354374368573280e+16
  4.74071912406190650e-08  8.50789730632264800e+16
  5.20774208895327380e-08  8.51194843343828160e+16
  5.67476505384486344e-08  8.51574315046012480e+16
  6.02503227751346899e-08  8.51844297266377280e+16
  6.37529950118206726e-08  8.52103131624126080e+16
  7.07583394851952982e-08  8.52591380576612640e+16
  7.77636839585673297e-08  8.53046018368002400e+16
  8.82067724799065113e-08  8.53672199967257600e+16
  9.51688314941300163e-08  8.54061043544875680e+16
  1.02130890508351338e-07  8.54430353244796960e+16
  1.09963206899355783e-07  8.54825348263037600e+16
  1.17795523290357900e-07  8.55201267156663680e+16
  1.26498097058137939e-07  8.55599255601313280e+16
  1.42162729840146831e-07  8.56270725945550720e+16
  1.52605818361486754e-07  8.56691018490326240e+16
  1.63626192510953667e-07  8.57114082954590560e+16
  1.75223852288548471e-07  8.57539236635245280e+16
  1.92620341954941192e-07  8.58143243822581120e+16
  2.07117416676926617e-07  8.58619383327538080e+16
  2.33856465608601662e-07  8.59441663557613920e+16
  2.58340414027966952e-07  8.60139798466163360e+16
  2.73803960398092457e-07  8.60557387086550080e+16
  2.96902263059639400e-07  8.61151517828575200e+16
  3.19952057274365089e-07  8.61712857139277760e+16
  3.50685116227353533e-07  8.62418457381699360e+16
  3.89101439918571115e-07  8.63241091132103040e+16
  4.38562456671023306e-07  8.64218653302978880e+16
  4.80820412731362815e-07  8.64992828387060640e+16
  5.42705885776583386e-07  8.66042237311156320e+16
  5.85859054671828618e-07  8.66723595486467520e+16
  6.37680393295079570e-07  8.67495019767095040e+16
  7.14405625679962436e-07  8.68556806525096160e+16
  7.71180392325249581e-07  8.69289621440498560e+16
  8.25582784664531969e-07  8.69955262870337440e+16
  9.05458114486084412e-07  8.70875818270727520e+16
  9.63681971588323370e-07  8.71509333013959200e+16
  1.09104665899945279e-06  8.72800791375881440e+16
  1.20603877677633939e-06  8.73872352175223680e+16
  1.28640112007362550e-06  8.74576002845560000e+16
  1.35298602109670809e-06  8.75134049190955520e+16
  1.51469220929556292e-06  8.76406464212502560e+16
  1.60030136775374639e-06  8.77038281925467360e+16
  1.77627574902910136e-06  8.78258945339690560e+16
  1.87615310056367507e-06  8.78910525886924000e+16
  2.10444418978567665e-06  8.80303713146747040e+16
  2.29477368581124430e-06  8.81377191395125760e+16
  2.43747380976543924e-06  8.82136794231644480e+16
  2.61843488744590972e-06  8.83050807567161280e+16
  2.93758682781916452e-06  8.84546351928164640e+16
  3.19290838011784459e-06  8.85651506288629280e+16
  3.44822993241668518e-06  8.86687405630389920e+16
  3.81452026653857076e-06  8.88069614277491200e+16
  4.14860164770010335e-06  8.89238919166376800e+16
  4.64642663497462316e-06  8.90845481302775200e+16
  5.00201591159892804e-06  8.91908585157437600e+16
  5.42872304354823281e-06  8.93104921317827040e+16
  5.85543017549754436e-06  8.94225911535385760e+16
  6.28213730744671192e-06  8.95281168405141760e+16
  6.78620955456778234e-06  8.96453642499439040e+16
  7.34256320435507001e-06  8.97666454659540480e+16
  7.82135752833849160e-06  8.98650438603753920e+16
  8.78086594332822515e-06  9.00479434432308000e+16
  9.58045628915267954e-06  9.01880353375487040e+16
  1.03800466349771390e-05  9.03186701811948160e+16
  1.11117942032680862e-05  9.04310390401633280e+16
  1.23039182297159673e-05  9.06014442411308000e+16
  1.32973549184225340e-05  9.07331878430332640e+16
  1.48073786852562829e-05  9.09183848429442560e+16
  1.65973536100149914e-05  9.11183750518152800e+16
  1.83909063049484291e-05  9.13013505598202080e+16
  1.95735799997064391e-05  9.14139767627026560e+16
  2.12293231723662646e-05  9.15623882089497440e+16
  2.28850663450264561e-05  9.17013683746688800e+16
  2.45408095176859733e-05  9.18321382226505280e+16
  2.57826168971808416e-05  9.19254382425607360e+16
  2.83253653409081717e-05  9.21052193513939200e+16
  3.11637822083246622e-05  9.22905376573268000e+16
  3.32925948588876178e-05  9.24204528223778560e+16
  3.47118032925964763e-05  9.25032449798113760e+16
  3.75502201600133801e-05  9.26606185413821760e+16
  4.13347759832354870e-05  9.28555766186406880e+16
  4.65385402401687564e-05  9.31004749285072480e+16
  5.22153739750019948e-05  9.33427135535799360e+16
  5.55268603203222489e-05  9.34740307187893920e+16
  5.83652771877388884e-05  9.35814669042199360e+16
  6.40421109225732991e-05  9.37837797475514880e+16
  7.11381530911159651e-05  9.40165193645502080e+16
  7.54746233052250092e-05  9.41493781787974880e+16
  7.98110935193340398e-05  9.42760000189494240e+16
  8.45417882983616210e-05  9.44077333225078880e+16
  9.55062337882441926e-05  9.46907546865049760e+16
  1.04570415890502019e-04  9.49049678109976480e+16
  1.09818100265494473e-04  9.50220219835807040e+16
  1.22937311202975355e-04  9.52953674421420320e+16
  1.29377651117739063e-04  9.54207973182717440e+16
  1.38918895435904759e-04  9.55973720464070720e+16
  1.46551890890439111e-04  9.57315167240612960e+16
  1.62774481759839944e-04  9.59982830045512320e+16
  1.74278436568977869e-04  9.61744022169134720e+16
  1.85176014765758390e-04  9.63325548646792800e+16
  1.94310749430706730e-04  9.64592856145433280e+16
  2.11859055497581146e-04  9.66894398907496800e+16
  2.44808704652021199e-04  9.70817798924127680e+16
  2.78429586710848592e-04  9.74394480971653760e+16
  2.99535433441405676e-04  9.76461912926599840e+16
  3.19703242539494414e-04  9.78328035445793280e+16
  3.56990238430141417e-04  9.81535512897832800e+16
  3.78330594568813418e-04  9.83249283179072000e+16
  4.23594206445886980e-04  9.86634687485429920e+16
  4.70793344967532950e-04  9.89854815843772960e+16
  5.10461533171048250e-04  9.92361514171948480e+16
  5.33242590733432943e-04  9.93729877630069120e+16
  5.71357127966054513e-04  9.95914276728608160e+16
  6.50518089910728380e-04  1.00009236893272704e+17
  7.17393442791226734e-04  1.00330605331782704e+17
  8.18795767187786047e-04  1.00773937638993616e+17
  8.87524009278791381e-04  1.01049468214969728e+17
  9.62853979857493706e-04  1.01331937792029600e+17
  1.10184796244475170e-03  1.01808721094987984e+17
  1.17463581331027963e-03  1.02039186636819424e+17
  1.24742366417580756e-03  1.02258239911045168e+17
  1.32123493978156823e-03  1.02469941399042032e+17
  1.49707724073637862e-03  1.02937678403575056e+17
  1.70113929143447763e-03  1.03427618310115440e+17
  1.80317031678352648e-03  1.03655039446413920e+17
  1.97112948548278013e-03  1.04007866979759680e+17
  2.09709886200722074e-03  1.04257153473259232e+17
  2.21219733334099755e-03  1.04474817306518208e+17
  2.35841469165892423e-03  1.04738804203438128e+17
  2.52606113241125863e-03  1.05025884670688656e+17
  2.71513665559800204e-03  1.05332147248698608e+17
  2.96251916811485390e-03  1.05708753867647872e+17
  3.28411440320202589e-03  1.06163307733976064e+17
  3.49851122659347417e-03  1.06447771987909360e+17
  3.71290804998492246e-03  1.06718921459314128e+17
  4.12141001913504668e-03  1.07204184217116544e+17
  4.42003179246215020e-03  1.07536393029599040e+17
  4.71865356578925286e-03  1.07852063450269120e+17
  5.20427056847933955e-03  1.08334156806875168e+17
  5.68988757116942623e-03  1.08783117939259696e+17
  6.17550457385951379e-03  1.09203703090924064e+17
  6.66112157654960308e-03  1.09599871118106288e+17
  7.30861091346973919e-03  1.10095174115715008e+17
  8.13426676315830328e-03  1.10679497618852176e+17
  8.95992261284686738e-03  1.11219649919768960e+17
  9.65761891564314440e-03  1.11646585278497888e+17
  1.07260274514693055e-02  1.12255160498476576e+17
  1.17944359872954666e-02  1.12817172448111632e+17
  1.32010995340411975e-02  1.13497593856747520e+17
  1.46077630807869337e-02  1.14120625226096080e+17
  1.60144266275325658e-02  1.14695925461053824e+17
  1.67177584009054504e-02  1.14967981471000768e+17
  1.73331737026066156e-02  1.15198317424711008e+17
  1.76357392980816090e-02  1.15309070478195136e+17
  1.78747065412359386e-02  1.15395429435570864e+17
  1.79941901628137592e-02  1.15438248605436112e+17
  1.80453974292040416e-02  1.15456527178593680e+17
  1.80966046955943240e-02  1.15474762579917680e+17
  1.81222083287894895e-02  1.15483864162913504e+17
  1.81414110536859546e-02  1.15490683321741216e+17
  1.81542128702834905e-02  1.15495226087378256e+17
  1.81606137785822568e-02  1.15497496469442800e+17
  1.81670146868810438e-02  1.15499766184918656e+17
  1.81702151410304373e-02  1.15500900792823808e+17
  1.81718153681051341e-02  1.15501468034342240e+17
  1.81726154816424824e-02  1.15501751639495632e+17
  1.81730155384113926e-02  1.15501893438171456e+17
  1.81732155667956100e-02  1.15501964336533792e+17
  1.81733655880841269e-02  1.15502017509879568e+17
  1.81734552911530130e-02  1.15502049303941120e+17
  1.81736493897184798e-02  1.15502118099152192e+17
  1.81738564281881676e-02  1.15502191480036128e+17
  1.81742705051261208e-02  1.15502338239713952e+17
  1.81750986590026552e-02  1.15502631750713056e+17
  1.81767549667546241e-02  1.15503218739287104e+17
  1.81800675822581075e-02  1.15504392582765072e+17
  1.81866928132649909e-02  1.15506739735253088e+17
  1.81999432752784733e-02  1.15511431904046160e+17
  1.82330694303117075e-02  1.15523149887337600e+17
  1.82926965093711119e-02  1.15544197639705216e+17
  1.83766161021217886e-02  1.15573723804665696e+17
  1.84737861568937574e-02  1.15607772048500352e+17
  1.86946271904481799e-02  1.15684603344412224e+17
  1.91981447469503283e-02  1.15856993935663552e+17
  2.04171872521681334e-02  1.16259235240995760e+17
  2.17952353015443030e-02  1.16690504763140416e+17
  2.39329765063485203e-02  1.17317196090755472e+17
  2.55339185387890230e-02  1.17757235311846576e+17
  2.79088147791508763e-02  1.18370300022131248e+17
  3.23011239386299109e-02  1.19399964385320208e+17
  3.54071276923396475e-02  1.20059318674671888e+17
  3.90125113349938865e-02  1.20765251766025072e+17
  4.34974179935312816e-02  1.21567417160948128e+17
  4.79823246520686766e-02  1.22297587673945616e+17
  5.17422559204777852e-02  1.22861733058582960e+17
  5.55021871888868937e-02  1.23387304032154464e+17
  6.28062533844827159e-02  1.24312514169477728e+17
  6.64582864822806235e-02  1.24732864087845056e+17
  7.01103195800785312e-02  1.25128204566204560e+17
  7.55231543500292368e-02  1.25672149648648240e+17
  8.09359891199799564e-02  1.26170304090004096e+17
  9.17616586598813677e-02  1.27046445099747296e+17
  1.00360487399036552e-01  1.27641623227747456e+17
  1.08959316138191750e-01  1.28159040851785184e+17
  1.17558144877346948e-01  1.28606865320726912e+17
  1.26156973616502133e-01  1.28991784932041600e+17
  1.41843154837509311e-01  1.29550054141550688e+17
  1.57529336058516489e-01  1.29943627467179424e+17
  1.67666983959973981e-01  1.30119959786519952e+17
  1.77804631861431445e-01  1.30240463432536256e+17
  1.98079927664346400e-01  1.30328484141758896e+17
  2.10671228877694211e-01  1.30288757494653696e+17
  2.23262530091042022e-01  1.30182713235596144e+17
  2.37570586397077260e-01  1.29986638314840816e+17
  2.51878642703112443e-01  1.29714750448596256e+17
  2.64611388555343829e-01  1.29412546869617728e+17
  2.77344134407575216e-01  1.29056611829350064e+17
  3.02113556927879001e-01  1.28216195179308080e+17
  3.26882979448182176e-01  1.27189942337533184e+17
  3.39870359532617572e-01  1.26581167225737248e+17
  3.52857739617052968e-01  1.25925922686038752e+17
  3.66116416427593239e-01  1.25209567614085888e+17
  3.79375093238133509e-01  1.24446294367753344e+17
  3.93076940546984277e-01  1.23608676925340608e+17
  4.06778787855835045e-01  1.22721997334960688e+17
  4.25343364599842677e-01  1.21442326701569072e+17
  4.38383728512305337e-01  1.20489817423929264e+17
  4.61804695527264275e-01  1.18666707370423296e+17
  4.84252928893111945e-01  1.16783479900329024e+17
  4.96320559156462615e-01  1.15715573271941312e+17
  5.09408044762090007e-01  1.14513070819244112e+17
  5.22495530367717342e-01  1.13264951991367744e+17
  5.35462616169416483e-01  1.11983192652680144e+17
  5.48429701971115624e-01  1.10657145807899632e+17
  5.66169947954359265e-01  1.08766086386811616e+17
  5.83910193937602906e-01  1.06782151408259008e+17
  6.00176816933285728e-01  1.04879359401503632e+17
  6.16443439928968662e-01  1.02894299272099728e+17
  6.30694518550732330e-01  1.01086283910947792e+17
  6.44945597172495999e-01  9.92120993237015200e+16
  6.66130391346346440e-01  9.62951815967274400e+16
  6.83371415704262186e-01  9.37980128223090240e+16
  6.97477396122505144e-01  9.16709651474250400e+16
  7.11583376540748103e-01  8.94678448290122880e+16
  7.26603186717558192e-01  8.70318370248112800e+16
  7.41622996894368280e-01  8.44953376113811680e+16
  7.61984637868424741e-01  8.08796287143642080e+16
  7.75670436476042613e-01  7.83281336309260000e+16
  7.89356235083660485e-01  7.56729044714980000e+16
  8.02244945289682598e-01  7.30718610159271200e+16
  8.15133655495704712e-01  7.03737995019075760e+16
  8.39719959709917529e-01  6.48965494525289280e+16
  8.56475260559371399e-01  6.08767247852691840e+16
  8.71279866095523992e-01  5.71053349561423440e+16
  8.86084471631676585e-01  5.31158488312877840e+16
  9.03082826700449259e-01  4.82093592904638480e+16
  9.20081181769221823e-01  4.28710613977808160e+16
  9.36544801442924735e-01  3.71620702802787120e+16
  9.49139305652402343e-01  3.23321568948460120e+16
  9.61733809861879951e-01  2.70376950504622800e+16
  9.77002708717433110e-01  1.95386633363400560e+16
  9.83546218827733632e-01  1.57429402685286760e+16
  9.91500996902625942e-01  1.02303378069293780e+16
  9.95785975423133296e-01  6.44765280643739700e+15
  9.97683518713229245e-01  4.34129124156165250e+15
  9.98816994287591964e-01  2.78047002708582750e+15
  9.99383732074774267e-01  1.80288673516592725e+15
  9.99667100968365419e-01  1.19694510983371050e+15
  9.99808785415160939e-01  8.27557541955433250e+14
  9.99879627638558310e-01  6.08069355214017250e+14
  9.99915048750256830e-01  4.82099023618069562e+14
  9.99950469861955460e-01  3.36539117098575625e+14
  9.99975234930975510e-01  2.12046911104896312e+14
  9.99987617465486034e-01  1.33597277711073875e+14
  9.99993808732740908e-01  8.41673999220962500e+13
  9.99996904366368344e-01  5.30246770248804531e+13
  9.99998452183181952e-01  3.34044632323948789e+13
  9.99999226091588755e-01  2.10438975096479023e+13
  9.99999613045801317e-01  1.32569894445116719e+13
  9.99999806522901213e-01  8.35145104476502832e+12
