779
  4.41790831911744544e-13  1.67214191105439520e+17
  1.92687248844842686e-12  1.67214168156057664e+17
  3.43145937129508231e-12  1.67214114012436896e+17
  4.67680082619150288e-12  1.67214090095564992e+17
  7.02697144496206085e-12  1.67214049477349728e+17
  1.15312308697884827e-11  1.67213968464097984e+17
  1.80725891189434738e-11  1.67213816913037728e+17
  2.94512575094032257e-11  1.67213631823034944e+17
  5.23371126114216558e-11  1.67213235255817664e+17
  8.28644417038978823e-11  1.67212475418054976e+17
  1.13698278372884135e-10  1.67211714355710336e+17
  1.66693435705586504e-10  1.67210967020975296e+17
  2.41849913702005017e-10  1.67209199735275040e+17
  3.19350995583887123e-10  1.67207503262309824e+17
  3.99196681351232900e-10  1.67205771377721728e+17
  4.77416381097968935e-10  1.67204105436858144e+17
  5.54010094824095123e-10  1.67202563805734016e+17
  6.30603808550221311e-10  1.67201072751384736e+17
  7.07197522276347396e-10  1.67199628067841504e+17
  7.84702468995309045e-10  1.67198226253799328e+17
  8.63118648707106050e-10  1.67196831440367200e+17
  9.41534828418903158e-10  1.67195473911844352e+17
  1.01995100813070016e-09  1.67194150294042720e+17
  1.10223471382792420e-09  1.67192857334778880e+17
  1.18838594551057506e-09  1.67191468446475232e+17
  1.27453717719322592e-09  1.67190108491568224e+17
  1.36068840887587719e-09  1.67188773195575968e+17
  1.44683964055852805e-09  1.67187458154476896e+17
  1.53299087224117892e-09  1.67186158714200960e+17
  1.59760429600316716e-09  1.67184869806395872e+17
  1.64067991184449239e-09  1.67184227265873184e+17
  1.68375552768581802e-09  1.67183585190167872e+17
  1.72683114352714325e-09  1.67182942759214336e+17
  1.76695653483400743e-09  1.67182299101659840e+17
  1.80413170160641037e-09  1.67181741889197632e+17
  1.84130686837881310e-09  1.67181182454970784e+17
  1.87848203515121604e-09  1.67180620155975360e+17
  1.91565720192361918e-09  1.67180054336099808e+17
  1.95283236869602191e-09  1.67179484337959776e+17
  1.99000753546842506e-09  1.67178909518623776e+17
  2.02718270224082737e-09  1.67178329268296608e+17
  2.06435786901323052e-09  1.67177743028855168e+17
  2.10153303578563325e-09  1.67177150308503200e+17
  2.13870820255803639e-09  1.67176550688029088e+17
  2.17588336933043912e-09  1.67175943822851840e+17
  2.21305853610284227e-09  1.67175329443978016e+17
  2.25023370287524459e-09  1.67174707353865952e+17
  2.28740886964764773e-09  1.67174077418081984e+17
  2.32458403642005005e-09  1.67173439558318720e+17
  2.36175920319245319e-09  1.67172793744618176e+17
  2.39893436996485634e-09  1.67172139990778944e+17
  2.43610953673725865e-09  1.67171478350910496e+17
  2.47328470350966180e-09  1.67170808916712448e+17
  2.51045987028206412e-09  1.67170131821014336e+17
  2.54763503705446726e-09  1.67169447240691136e+17
  2.58481020382686958e-09  1.67168755393700928e+17
  2.62198537059927272e-09  1.67168056536248672e+17
  2.67774812075787661e-09  1.67167350963012192e+17
  2.75209845430268290e-09  1.67165920752664320e+17
  2.82644878784748836e-09  1.67164468020516608e+17
  2.90079912139229382e-09  1.67162996000174048e+17
  2.98174634981941245e-09  1.67161507959878592e+17
  3.06929047312884425e-09  1.67159739410645728e+17
  3.15683459643827605e-09  1.67157957603720128e+17
  3.24437871974770785e-09  1.67156166549635552e+17
  3.33192284305713882e-09  1.67154369624531552e+17
  3.41946696636657062e-09  1.67152569598791040e+17
  3.50701108967600200e-09  1.67150768711400736e+17
  3.59455521298543380e-09  1.67148968731972832e+17
  3.68209933629486602e-09  1.67147171032239104e+17
  3.76964345960429781e-09  1.67145376652396352e+17
  3.85718758291372879e-09  1.67143586352048512e+17
  3.94473170622316141e-09  1.67141800651231552e+17
  4.07604789118730870e-09  1.67140019868791680e+17
  4.25113613780617064e-09  1.67136473145855296e+17
  4.42857752266732675e-09  1.67132946215452256e+17
  4.60837204577077371e-09  1.67129342840591616e+17
  4.78816656887422067e-09  1.67125754296578176e+17
  4.96796109197766763e-09  1.67122175327318688e+17
  5.10280698430525451e-09  1.67118599258649568e+17
  5.19270424585697799e-09  1.67116809766170816e+17
  5.28260150740870147e-09  1.67115018011466272e+17
  5.37249876896042495e-09  1.67113222904094496e+17
  5.50734466128801018e-09  1.67111423338548032e+17
  5.68713918439145879e-09  1.67107806850414624e+17
  5.86693370749490575e-09  1.67104160498677856e+17
  6.04672823059835354e-09  1.67100478293297632e+17
  6.22652275370180133e-09  1.67096756185492800e+17
  6.40631727680524830e-09  1.67092991992287424e+17
  6.58611179990869691e-09  1.67089184890921504e+17
  6.76590632301214387e-09  1.67085334908774336e+17
  6.94570084611559084e-09  1.67081442541507488e+17
  7.12549536921903945e-09  1.67077508561654912e+17
  7.30877829447381968e-09  1.67073533860883968e+17
  7.49554962187993317e-09  1.67069362704845440e+17
  7.68232094928604500e-09  1.67065149448419840e+17
  7.86909227669215849e-09  1.67060895203801824e+17
  8.05586360409826866e-09  1.67056601187965440e+17
  8.24263493150438215e-09  1.67052268820348896e+17
  8.42940625891049233e-09  1.67047899846914944e+17
  8.61617758631660582e-09  1.67043496355261024e+17
  8.80294891372271765e-09  1.67039060786097728e+17
  8.98972024112883114e-09  1.67034595929291136e+17
  9.26987723223800137e-09  1.67030104869136768e+17
  9.55003422334716994e-09  1.67021055077973504e+17
  9.73680555075328012e-09  1.67016505720756416e+17
  9.92357687815939361e-09  1.67011943373714880e+17
  1.01103482055655038e-08  1.67007371082511648e+17
  1.04317152830545324e-08  1.67002791665558208e+17
  1.08876781106264746e-08  1.66991592683035488e+17
  1.13436409381984184e-08  1.66980401276346048e+17
  1.17996037657703622e-08  1.66969246004485056e+17
  1.22555665933423060e-08  1.66958151410906176e+17
  1.27115294209142498e-08  1.66947138206208512e+17
  1.31674922484861953e-08  1.66936223104514400e+17
  1.36234550760581391e-08  1.66925419056457216e+17
  1.40794179036300829e-08  1.66914735670723488e+17
  1.47633621449880002e-08  1.66904179432629504e+17
  1.55612970932389035e-08  1.66883455819381472e+17
  1.61312506277038316e-08  1.66868265984587168e+17
  1.65872134552757754e-08  1.66858305737369440e+17
  1.71571669897407068e-08  1.66848475765420352e+17
  1.77886824927700851e-08  1.66833968900509056e+17
  1.83677692574709227e-08  1.66821903785297056e+17
  1.90916277133469681e-08  1.66810030894013280e+17
  2.01050295515734355e-08  1.66792565729271936e+17
  2.09736596986246919e-08  1.66769882920204064e+17
  2.15527464633255295e-08  1.66758784426233728e+17
  2.24213766103767859e-08  1.66747838226720544e+17
  2.38690935221288799e-08  1.66726375521559392e+17
  2.53168104338809739e-08  1.66695163080972032e+17
  2.68776323150986182e-08  1.66674946556164192e+17
  2.84067874746066083e-08  1.66641635932340608e+17
  2.92279175390933835e-08  1.66623543549836032e+17
  3.00490476035801587e-08  1.66614617739601056e+17
  3.11438876895625256e-08  1.66596994318408128e+17
  3.25124377970404842e-08  1.66579662176664800e+17
  3.41546979260140346e-08  1.66554177496480608e+17
  3.54675116204142420e-08  1.66529276239615904e+17
  3.63951424671633948e-08  1.66514632990666880e+17
  3.77029841176705169e-08  1.66501810581334048e+17
  3.94467729850133331e-08  1.66476600892798656e+17
  4.18444826776097170e-08  1.66451955142946080e+17
  4.46781395870418017e-08  1.66410100871300000e+17
  4.68578756712203320e-08  1.66375469038074976e+17
  4.88535940075354879e-08  1.66352986731864128e+17
  5.17409241929856132e-08  1.66324683628453696e+17
  5.45121483516813427e-08  1.66281717550730272e+17
  5.65275841034600467e-08  1.66257924112052704e+17
  5.85430198552387506e-08  1.66234649800129024e+17
  6.05584556070174678e-08  1.66211872266934688e+17
  6.25738913587961850e-08  1.66189570206220064e+17
  6.46586989933365144e-08  1.66167723424128640e+17
  6.68128785106384825e-08  1.66144854373892576e+17
  7.01828915521146987e-08  1.66122461637606784e+17
  7.36222764763525271e-08  1.66076280174286848e+17
  7.63715937247077013e-08  1.66053907971338816e+17
  8.03787327420640868e-08  1.66023379265191488e+17
  8.56493209485080214e-08  1.65979121122666400e+17
  9.01327005941951486e-08  1.65928571480859680e+17
  9.33668502935091751e-08  1.65901032551649632e+17
  9.86800962280965214e-08  1.65874152209334144e+17
  1.04224352855492001e-07  1.65815003843974624e+17
  1.07920523940422321e-07  1.65786538392140544e+17
  1.13019869050577254e-07  1.65758758300925792e+17
  1.17674302643491627e-07  1.65711440604781184e+17
  1.20754436057688334e-07  1.65691594389566592e+17
  1.25785314224604589e-07  1.65668305179001888e+17
  1.32188020823996866e-07  1.65623052491230752e+17
  1.38837858280694652e-07  1.65583346660281280e+17
  1.44668129118718073e-07  1.65538064052405760e+17
  1.49252059450325908e-07  1.65510848221587776e+17
  1.54166462932115065e-07  1.65482737489498688e+17
  1.61722582175908961e-07  1.65452883919010624e+17
  1.71333988255931746e-07  1.65396582945540896e+17
  1.78256460039707587e-07  1.65346708800424800e+17
  1.85145529207120964e-07  1.65322479498351584e+17
  1.94275283736401397e-07  1.65275675720764000e+17
  2.01588242451156769e-07  1.65230812223039456e+17
  2.09559416121522101e-07  1.65204265756516032e+17
  2.18835153956545188e-07  1.65155667323576384e+17
  2.26634967034803343e-07  1.65118866093784800e+17
  2.35045876579292529e-07  1.65085982357161184e+17
  2.45130634899038913e-07  1.65045809063758016e+17
  2.56437030609031682e-07  1.65000826552945664e+17
  2.67523431591181836e-07  1.64953296191823264e+17
  2.76925428495470351e-07  1.64912821299679264e+17
  2.86985187414338463e-07  1.64880716561791328e+17
  2.96720509663858280e-07  1.64837393712827520e+17
  3.07964684642764874e-07  1.64809220706192896e+17
  3.23422091985290253e-07  1.64757454267827520e+17
  3.36257339945376335e-07  1.64702378302044768e+17
  3.46052660757035028e-07  1.64671154605167200e+17
  3.58308659942965824e-07  1.64638396322185504e+17
  3.73132698101977473e-07  1.64593079877829792e+17
  3.88867212294969971e-07  1.64546362972629568e+17
  4.03114031210012157e-07  1.64498271822621888e+17
  4.16175412169167559e-07  1.64462723314132384e+17
  4.33298254783542654e-07  1.64423655120253568e+17
  4.56062809344567650e-07  1.64367645493187200e+17
  4.74269305091298073e-07  1.64301275346020352e+17
  4.91220180441705227e-07  1.64272249818650496e+17
  5.14763062872842863e-07  1.64215661081267424e+17
  5.39247660601256540e-07  1.64156408857682240e+17
  5.61377970086561959e-07  1.64099125883978240e+17
  5.84339637607711580e-07  1.64054193660763392e+17
  6.09711998194475555e-07  1.63996491525878656e+17
  6.30003019989856621e-07  1.63943863641802880e+17
  6.48162920448510887e-07  1.63910470068874464e+17
  6.71615064687013246e-07  1.63868857919389952e+17
  6.99102606117234161e-07  1.63815879200444800e+17
  7.30819896138412088e-07  1.63760872335102688e+17
  7.62672067256851326e-07  1.63695204566031040e+17
  7.96299916622206491e-07  1.63643101603412160e+17
  8.25318816096988688e-07  1.63575184689298240e+17
  8.46029189960463400e-07  1.63541822247469632e+17
  8.79431097124572225e-07  1.63504845073219392e+17
  9.19025319165942600e-07  1.63431469190378272e+17
  9.61026674725075425e-07  1.63377065336954112e+17
  1.00604515643221136e-06  1.63300970936496224e+17
  1.03706592663692394e-06  1.63241156479374400e+17
  1.07411546843598523e-06  1.63209791174073728e+17
  1.11230499613648352e-06  1.63135807972728928e+17
  1.13795467892047565e-06  1.63102904379307360e+17
  1.17899417137506914e-06  1.63065935316690496e+17
  1.24140839948310499e-06  1.62993927597040800e+17
  1.31204367976555943e-06  1.62905165922878720e+17
  1.36625877850505856e-06  1.62818746454985824e+17
  1.40699135167857324e-06  1.62774851808942368e+17
  1.46591985366472111e-06  1.62723940584431872e+17
  1.52484835565084483e-06  1.62641679833644576e+17
  1.58009382626294080e-06  1.62593781231895360e+17
  1.63533929687511322e-06  1.62523850113439712e+17
  1.68781299421847402e-06  1.62478436649538560e+17
  1.74856401241542729e-06  1.62417499155152064e+17
  1.82015515294316939e-06  1.62358188659917088e+17
  1.88842475628623023e-06  1.62280148100002816e+17
  1.94253270011382097e-06  1.62230353723646400e+17
  2.03451620462077190e-06  1.62181630727069600e+17
  2.14543748946734002e-06  1.62068780995058944e+17
  2.24012639116552767e-06  1.61992066721017760e+17
  2.33481529286362639e-06  1.61913513410884448e+17
  2.42409340017881881e-06  1.61841671748124864e+17
  2.53304080977337099e-06  1.61776001209645184e+17
  2.64271974130780124e-06  1.61679733581435040e+17
  2.73099933595787272e-06  1.61617299388242944e+17
  2.80845734184243571e-06  1.61556109429717344e+17
  2.87484991831491458e-06  1.61511209527015616e+17
  2.96337335361169467e-06  1.61467122223405408e+17
  3.08509307714498249e-06  1.61395363473055616e+17
  3.18904987451674659e-06  1.61311921185869536e+17
  3.29883058210520176e-06  1.61265920976536224e+17
  3.45484190342501912e-06  1.61179795011254880e+17
  3.63624174123927381e-06  1.61083409486369312e+17
  3.80472464956388436e-06  1.60975544559245280e+17
  3.98797409606907620e-06  1.60899945872291936e+17
  4.20738228271198587e-06  1.60784411168999744e+17
  4.43331089790407173e-06  1.60678870104941376e+17
  4.69861669949435290e-06  1.60566323315841472e+17
  4.94238687865914531e-06  1.60433850253732096e+17
  5.19239770970116846e-06  1.60349161856180128e+17
  5.45479550135660208e-06  1.60221347731039808e+17
  5.67064412065648561e-06  1.60132902600999040e+17
  5.88719713123385564e-06  1.60049912480948352e+17
  6.12036449658938908e-06  1.59965983613234848e+17
  6.30047920634564728e-06  1.59875471635928320e+17
  6.48927869246327033e-06  1.59834072583690656e+17
  6.71073616238771204e-06  1.59741407229682208e+17
  6.87428277014955590e-06  1.59679512613488512e+17
  7.10259751294035634e-06  1.59629919975957088e+17
  7.43083239589792264e-06  1.59528015232848864e+17
  7.68419235055384651e-06  1.59417729430272928e+17
  7.89921579183138984e-06  1.59368166768599456e+17
  8.24697670555962924e-06  1.59286159309917184e+17
  8.58140983352723577e-06  1.59161177613546624e+17
  8.79824663948356538e-06  1.59091755670987712e+17
  9.05444236736396003e-06  1.59038550106329632e+17
  9.43729679134210914e-06  1.58950334453877984e+17
  9.76018280959108496e-06  1.58832650123234496e+17
  9.97556853441665322e-06  1.58780321360919840e+17
  1.02882129478378474e-05  1.58722176739368064e+17
  1.06262413371655360e-05  1.58623522653080960e+17
  1.09506994947864787e-05  1.58555764806976800e+17
  1.12387411043009979e-05  1.58468082920342912e+17
  1.14743187157428223e-05  1.58420069186833088e+17
  1.18928140845083508e-05  1.58359449723116960e+17
  1.24019881263538238e-05  1.58231893654907456e+17
  1.28671745056328314e-05  1.58135559212300928e+17
  1.32574547526160249e-05  1.58033839347447328e+17
  1.37256158842782723e-05  1.57972998524218304e+17
  1.42292049472362268e-05  1.57844951853798944e+17
  1.47090912070076117e-05  1.57773477917293184e+17
  1.52591257148758575e-05  1.57660948570520480e+17
  1.59089106381429267e-05  1.57567233392704192e+17
  1.65519214381147924e-05  1.57425458413354336e+17
  1.70991632253510956e-05  1.57339671671590272e+17
  1.77899429374202316e-05  1.57237871498122976e+17
  1.85346844742406624e-05  1.57109390135314400e+17
  1.91219388281663739e-05  1.56996367565652704e+17
  1.98555465580480865e-05  1.56923760322289344e+17
  2.08492114989818173e-05  1.56772091241391968e+17
  2.15692215371575928e-05  1.56628086016835488e+17
  2.23603678745532984e-05  1.56563462368902176e+17
  2.32517523562087676e-05  1.56407077531926144e+17
  2.39127068579558932e-05  1.56318989894914560e+17
  2.46265098923210241e-05  1.56230992677873600e+17
  2.55382855120958671e-05  1.56132953476372512e+17
  2.66838308796804962e-05  1.55999430035045248e+17
  2.78192161333616614e-05  1.55850206295755168e+17
  2.87201278383175375e-05  1.55727242739730816e+17
  2.95262729895970954e-05  1.55639877920216192e+17
  3.02832267619983537e-05  1.55543556053536192e+17
  3.13477656087580959e-05  1.55470410759361056e+17
  3.26802303074979859e-05  1.55311745484710912e+17
  3.37998253362285997e-05  1.55186375963293120e+17
  3.52878032453801926e-05  1.55079687254792416e+17
  3.68696826730701416e-05  1.54888005048126016e+17
  3.84102078011215451e-05  1.54769730765354848e+17
  3.97877059414900286e-05  1.54597054640077056e+17
  4.06924841783538053e-05  1.54514707674175584e+17
  4.18234569744335363e-05  1.54433663912663616e+17
  4.31118252667879730e-05  1.54314432581262912e+17
  4.44887899924758734e-05  1.54209560457094912e+17
  4.61977108417201268e-05  1.54080505698814208e+17
  4.76976022627553743e-05  1.53926220230363392e+17
  4.95115919817650953e-05  1.53836802845071104e+17
  5.12906951919122342e-05  1.53640776266196448e+17
  5.31221198005961848e-05  1.53561086140510976e+17
  5.52151764962350726e-05  1.53366644260167456e+17
  5.65233369310095011e-05  1.53253065666139936e+17
  5.80931294527388669e-05  1.53178563409949792e+17
  6.07897423787369249e-05  1.53032345574646400e+17
  6.34879574650577697e-05  1.52808882057308992e+17
  6.50341902886163268e-05  1.52671117291645120e+17
  6.65284972348649197e-05  1.52606720037604480e+17
  6.91068782361739552e-05  1.52479910158018208e+17
  7.25927668492520119e-05  1.52283667341093632e+17
  7.57656205869214957e-05  1.52055323621137344e+17
  7.83039035770576438e-05  1.51907461100478080e+17
  8.14767573147278594e-05  1.51762863590662784e+17
  8.50462177696065182e-05  1.51551705778899488e+17
  8.77431434466254852e-05  1.51372209922091104e+17
  9.08366758408528954e-05  1.51263405296604896e+17
  9.40888509219635718e-05  1.51050788601608896e+17
  9.70568299254188753e-05  1.50930987078312448e+17
  1.00613147629078037e-04  1.50755622806055072e+17
  1.04169465332737280e-04  1.50584422836869984e+17
  1.07732295557172328e-04  1.50417143366129824e+17
  1.11301638302383101e-04  1.50252970887340832e+17
  1.14870981047593873e-04  1.50092322001944960e+17
  1.18440323792804632e-04  1.49935011479434304e+17
  1.22247622721030527e-04  1.49780869830623904e+17
  1.27304191610081872e-04  1.49609811198336448e+17
  1.33385143875342817e-04  1.49360034130775648e+17
  1.37955660273087957e-04  1.49116849394833632e+17
  1.42167704796498381e-04  1.48997961685915648e+17
  1.47544782911489134e-04  1.48792314224451232e+17
  1.52921861026479887e-04  1.48591698204169024e+17
  1.58298939141470613e-04  1.48395824453348128e+17
  1.65289140690960234e-04  1.48204431116325152e+17
  1.73537123707037644e-04  1.47906933813551008e+17
  1.79995877257872533e-04  1.47642826121041216e+17
  1.85020743311376087e-04  1.47478796023042880e+17
  1.91294533223163732e-04  1.47317802341199232e+17
  1.97748598164957485e-04  1.47082180130617216e+17
  2.03134014278473257e-04  1.46917292074977952e+17
  2.08519430391988948e-04  1.46755418044572224e+17
  2.13904846505504612e-04  1.46596437027682208e+17
  2.21175158258750610e-04  1.46440236141334048e+17
  2.28041563803482912e-04  1.46180775635435296e+17
  2.32619167499971077e-04  1.46053796179138592e+17
  2.39485573044703325e-04  1.45928574947734848e+17
  2.48640780437679601e-04  1.45683196493729088e+17
  2.58065258636333301e-04  1.45444254080171936e+17
  2.65335570389581656e-04  1.45197876308155808e+17
  2.71396761491611821e-04  1.45077123668675232e+17
  2.81100119866113836e-04  1.44898783778800000e+17
  2.93231328913223181e-04  1.44608856550562016e+17
  3.02329735698555135e-04  1.44327703724241472e+17
  3.11428142483886981e-04  1.44190242836566560e+17
  3.20526549269218772e-04  1.43921223232404576e+17
  3.30848266426112848e-04  1.43789545851383168e+17
  3.41781638768788067e-04  1.43480382250276048e+17
  3.49070553663904861e-04  1.43329497970499968e+17
  3.60003926006580133e-04  1.43180965334777744e+17
  3.70937298349255297e-04  1.42890640225377888e+17
  3.78226213244372037e-04  1.42748700602399360e+17
  3.89164948464338701e-04  1.42608817351197120e+17
  4.01879357079833535e-04  1.42334763714607040e+17
  4.12719618766006617e-04  1.42136000345940976e+17
  4.28987981240338688e-04  1.41941188510162720e+17
  4.45260328687206958e-04  1.41562471489115536e+17
  4.56108560318452543e-04  1.41378394107827696e+17
  4.68162151019838502e-04  1.41197646755391728e+17
  4.84735838234246473e-04  1.40981061837718240e+17
  5.01309525448654552e-04  1.40664646378607744e+17
  5.17883212663062522e-04  1.40459036834116688e+17
  5.37771637320352022e-04  1.40158152846817040e+17
  5.54345324534759884e-04  1.39865781403544080e+17
  5.72179606137877871e-04  1.39675328814085952e+17
  5.99164551404179273e-04  1.39361095096803648e+17
  6.26779793864835682e-04  1.38933792751341328e+17
  6.46504967051018693e-04  1.38624145391628976e+17
  6.62285105599964841e-04  1.38422534332328192e+17
  6.82010278786147634e-04  1.38224590819482800e+17
  7.04234156157328801e-04  1.37934225307864224e+17
  7.25011703076271696e-04  1.37685488599674496e+17
  7.45789249995214591e-04  1.37442189703499424e+17
  7.66566796914157269e-04  1.37204058299635072e+17
  7.92319151881206492e-04  1.36970844589272336e+17
  8.23046314896361828e-04  1.36634483765301968e+17
  8.49837605456624278e-04  1.36307692166604592e+17
  8.72693023561993625e-04  1.36070456420127424e+17
  8.95548441667362973e-04  1.35837943903936656e+17
  9.18403859772732320e-04  1.35609940727196448e+17
  9.48653677853364191e-04  1.35386248175435008e+17
  9.76886841395285203e-04  1.35026729274154304e+17
  9.95708950423232399e-04  1.34850926976000352e+17
  1.02394211396515276e-03  1.34677647111278896e+17
  1.06158633202104629e-03  1.34338333142398496e+17
  1.10344430088719198e-03  1.34008174981627776e+17
  1.13799809064449049e-03  1.33615765814702592e+17
  1.16103395048268963e-03  1.33424108463251024e+17
  1.19558774023998814e-03  1.33235343927331968e+17
  1.25297545574687679e-03  1.32866109068911648e+17
  1.30791416416192199e-03  1.32334728144404112e+17
  1.34908786965463358e-03  1.32026538459542416e+17
  1.39026157514734539e-03  1.31725543373444992e+17
  1.44978365005925497e-03  1.31431372809763424e+17
  1.50706724164400684e-03  1.30892490590462416e+17
  1.54376398048240325e-03  1.30645983132656112e+17
  1.58046071932079922e-03  1.30403973585970688e+17
  1.63550582757839361e-03  1.30166280009320848e+17
  1.69055093583598756e-03  1.29703170080228352e+17
  1.72724767467438353e-03  1.29477439310033824e+17
  1.76949570498880003e-03  1.29255399830349088e+17
  1.82924485722684663e-03  1.28971497242210704e+17
  1.91354526380074297e-03  1.28556357480490192e+17
  1.98927535051608879e-03  1.28014371821588864e+17
  2.05747327922677862e-03  1.27718227657662896e+17
  2.13112704223432370e-03  1.27285376053303552e+17
  2.19932497094501569e-03  1.26948363949783856e+17
  2.28738943297031923e-03  1.26592023822405712e+17
  2.39875194177868950e-03  1.26079204379507920e+17
  2.49913526503776125e-03  1.25526957217674672e+17
  2.56524135596446993e-03  1.25147993431403040e+17
  2.61420883072499815e-03  1.24929532041901056e+17
  2.68766004286578788e-03  1.24714239077457632e+17
  2.78559499238683998e-03  1.24292753993249408e+17
  2.89589914486731818e-03  1.23882774900103664e+17
  2.98790416144724662e-03  1.23384420592731712e+17
  3.04924083916719877e-03  1.23141223579814208e+17
  3.13426726502826023e-03  1.22901825727067216e+17
  3.24298343903043143e-03  1.22486437850056048e+17
  3.35169961303260263e-03  1.22081897336439424e+17
  3.46041578703477383e-03  1.21687587546866352e+17
  3.57598785225541390e-03  1.21302946091542576e+17
  3.69841580869452111e-03  1.20880725736933520e+17
  3.82084376513362918e-03  1.20469443843539040e+17
  3.94327172157273639e-03  1.20068489323608304e+17
  4.06078417270356196e-03  1.19677303869329120e+17
  4.17338111852610417e-03  1.19325714543714720e+17
  4.28597806434864639e-03  1.18981588079649264e+17
  4.39857501017118947e-03  1.18644583886241504e+17
  4.52219116951705843e-03  1.18314385232908224e+17
  4.65682654238625503e-03  1.17928079185983120e+17
  4.79146191525544989e-03  1.17550614157718368e+17
  4.92609728812464648e-03  1.17181557847556944e+17
  5.06261543557368597e-03  1.16820510036397424e+17
  5.20101635760257097e-03  1.16457321171554224e+17
  5.40861774064589802e-03  1.16101827614712432e+17
  5.62453999202031443e-03  1.15412544320446912e+17
  5.77958265071138073e-03  1.15038361110243232e+17
  5.97318514887410640e-03  1.14672210502966384e+17
  6.20534748650849229e-03  1.14138150649650704e+17
  6.43750982414287819e-03  1.13620139115659040e+17
  6.66967216177726321e-03  1.13117147876442608e+17
  6.90183449941164824e-03  1.12628245482564512e+17
  7.13399683704603327e-03  1.12152585323916336e+17
  7.35856846959136342e-03  1.11689395541757776e+17
  7.57554939704763782e-03  1.11267143374267040e+17
  7.79253032450391223e-03  1.10854637421939792e+17
  8.00951125196018576e-03  1.10451388276044784e+17
  8.28053132396188232e-03  1.10056942876236368e+17
  8.60559054050900364e-03  1.09481588147631280e+17
  8.93064975705612496e-03  1.08923764498145408e+17
  9.17444416946646898e-03  1.08382312255413760e+17
  9.33697377774002704e-03  1.08117394675968320e+17
  9.58076819015036760e-03  1.07856185810551424e+17
  9.90582740669748892e-03  1.07344437209775216e+17
  1.03934162315181700e-02  1.06846206530466256e+17
  1.08810050563388529e-02  1.05887224962120224e+17
  1.12060642728859742e-02  1.05425104603764704e+17
  1.15311234894330955e-02  1.04973742675276800e+17
  1.18561827059802168e-02  1.04532585411864464e+17
  1.23676243332564093e-02  1.04101153861274464e+17
  1.30654483712616745e-02  1.03206115957114480e+17
  1.35888163997656235e-02  1.02351000657388944e+17
  1.39377284187682561e-02  1.01936031465500224e+17
  1.42866404377708887e-02  1.01529444805088144e+17
  1.46355524567735214e-02  1.01131196144329344e+17
  1.51081319170074183e-02  1.00741038953458016e+17
  1.57043788184725794e-02  1.00091803131168192e+17
  1.64509810331810932e-02  9.94627696495187360e+16
  1.73479385611329529e-02  9.85497853115462560e+16
  1.81550836682057432e-02  9.76747183011025920e+16
  1.88724163543994572e-02  9.69998726982837760e+16
  1.95897490405931712e-02  9.63455772678412800e+16
  2.03070817267868853e-02  9.57104859105505760e+16
  2.11625828977256084e-02  9.50934457684354880e+16
  2.21562525534093405e-02  9.42662313763168960e+16
  2.29015047951721361e-02  9.34686940787759680e+16
  2.33983396230140021e-02  9.30794981244763840e+16
  2.38951744508558717e-02  9.26969488679561760e+16
  2.43920092786977377e-02  9.23210018429738240e+16
  2.50109705545813674e-02  9.19517685865426240e+16
  2.57520582785067606e-02  9.14132990261279520e+16
  2.64931460024321469e-02  9.08884126814159680e+16
  2.72342337263575332e-02  9.03756969603368480e+16
  2.80045239651759495e-02  8.98734087344215520e+16
  2.88040167188873888e-02  8.93441422441283680e+16
  3.00032558494545479e-02  8.88249690528611360e+16
  3.13170958479087186e-02  8.78214300877286880e+16
  3.23457903373941813e-02  8.71979887826804160e+16
  3.33744848268796510e-02  8.65907028401799680e+16
  3.41460056939937445e-02  8.59988168455264640e+16
  3.46603529387364828e-02  8.57083720764990720e+16
  3.55446642416327452e-02  8.54214238973495840e+16
  3.67989396026825386e-02  8.47361288057914560e+16
  3.80527080175746546e-02  8.40694262062169920e+16
  3.89926541191254750e-02  8.34211269249682720e+16
  3.96192848534926978e-02  8.31033895635156000e+16
  4.06702013522643180e-02  8.27900213034803040e+16
  4.18154576861121327e-02  8.20806583281548160e+16
  4.24842670023193869e-02  8.16968407262719680e+16
  4.29541908342860601e-02  8.14536566158273440e+16
  4.32698164697596574e-02  8.12608641244273600e+16
  4.34835283046684437e-02  8.11627397955206240e+16
  4.36438121808500334e-02  8.10649857618533600e+16
  4.37239541189408318e-02  8.10162465327254560e+16
  4.37640250879862414e-02  8.09919111753370560e+16
  4.37840605725089427e-02  8.09797520373673760e+16
  4.37974175621907505e-02  8.09736746006052640e+16
  4.38183988902725793e-02  8.09675985841392480e+16
  4.38470045567544292e-02  8.09545908069312160e+16
  4.38899130564771936e-02  8.09415895307332320e+16
  4.39757300559227085e-02  8.09156064489086880e+16
  4.41473640548137800e-02  8.08637179548768800e+16
  4.44906320525959090e-02  8.07602498759266560e+16
  4.51771680481601601e-02  8.05545352767072480e+16
  4.62451129301490044e-02  8.01478827226333280e+16
  4.74656213667077193e-02  7.96151964252170720e+16
  4.92963840215457916e-02  7.90926757241709760e+16
  5.17374008946632144e-02  7.80769471505628800e+16
  5.35915181555078890e-02  7.71092185970181920e+16
  5.48587358040797668e-02  7.66205471319128640e+16
  5.57695484889908083e-02  7.61408377717567520e+16
  5.62447551072052798e-02  7.59337086314393760e+16
  5.69179644830090994e-02  7.57867623434520320e+16
  5.83435843376524099e-02  7.54394089280733920e+16
  5.99276063983671947e-02  7.47582009190779680e+16
  6.18284328712249975e-02  7.43134769073551040e+16
  6.44435701047779974e-02  7.34450414962634560e+16
  6.64654494822496805e-02  7.25497505649181440e+16
  6.74763891709855429e-02  7.21124013099924800e+16
  6.81503489634761039e-02  7.18961851240947280e+16
  6.87038463885816103e-02  7.16815651328620800e+16
  6.91368814463020481e-02  7.15444948442398560e+16
  6.94616577395923834e-02  7.14080626079500800e+16
  6.96781752684526162e-02  7.13400856772745520e+16
  6.98405634150977978e-02  7.12722675566028400e+16
  6.99488221795279280e-02  7.12384169039633280e+16
  7.00435485984042955e-02  7.12046050452532320e+16
  7.01112103261731234e-02  7.11792717947723280e+16
  7.01518073628344258e-02  7.11623953758335200e+16
  7.01721058811650700e-02  7.11539609133312000e+16
  7.01822551403303990e-02  7.11497446262820000e+16
  7.01890213131072666e-02  7.11476367246529120e+16
  7.01957874858841618e-02  7.11455289874909360e+16
  7.02008621154668194e-02  7.11434214144742880e+16
  7.02042452018552671e-02  7.11423677015562720e+16
  7.02076282882437147e-02  7.11413140374196960e+16
  7.02110113746321624e-02  7.11402604679024720e+16
  7.02143944610206100e-02  7.11392069774059520e+16
  7.02177775474090438e-02  7.11381537504715680e+16
  7.02211606337974914e-02  7.11371007608673680e+16
  7.02245437201859390e-02  7.11360736310229280e+16
  7.02279268065743728e-02  7.11350467325753920e+16
  7.02313098929628066e-02  7.11340200828845760e+16
  7.02363845225454642e-02  7.11329935151859920e+16
  7.02431506953223456e-02  7.11309406247644960e+16
  7.02532999544876746e-02  7.11288880545212320e+16
  7.02668323000414374e-02  7.11247834130691280e+16
  7.02871308183720817e-02  7.11206795037290000e+16
  7.03141955094796350e-02  7.11124735370475840e+16
  7.03547925461409374e-02  7.11042700457756480e+16
  7.04089219283560025e-02  7.10878713004633280e+16
  7.04901160016785933e-02  7.10714816143204240e+16
  7.06525041483237609e-02  7.10387299695655520e+16
  7.09231510593990588e-02  7.09733356216230960e+16
  7.11937979704743429e-02  7.08755123620435360e+16
  7.14103154993345757e-02  7.08104927110199600e+16
  7.17350917926249387e-02  7.07456257615862880e+16
  7.20598680859152740e-02  7.06163551265114160e+16
  7.22763856147755207e-02  7.05519581529631120e+16
  7.26011619080658560e-02  7.04877024364718080e+16
  7.30341969657863077e-02  7.03596124130545120e+16
  7.34672320235067455e-02  7.02320876102287440e+16
  7.41167846100874023e-02  7.01051229088380720e+16
  7.49828547255283057e-02  6.98528423684312560e+16
  7.61579985893296035e-02  6.96027555070557840e+16
  7.76422162014912959e-02  6.91797225218010240e+16
  7.98685426197338344e-02  6.87629808776327600e+16
  8.28369778440572191e-02  6.79477602026621760e+16
  8.58054130683806038e-02  6.71558368706596160e+16
  8.82725048541360136e-02  6.63871073519372640e+16
  9.02382532013234762e-02  6.58897331042037920e+16
  9.31868757221046840e-02  6.54015093284806320e+16
  9.63322557980491878e-02  6.44507047247208000e+16
  9.86915192555632703e-02  6.38957040290900400e+16
  1.02230414441834422e-01  6.33523742460024240e+16
  1.06688198908734752e-01  6.22973215234532480e+16
  1.10885240927507234e-01  6.13926317332322720e+16
  1.14514821190375010e-01  6.05177148372484880e+16
  1.17576939697338026e-01  5.98970498509565760e+16
  1.21208639374717417e-01  5.92905080959311600e+16
  1.25409920222513183e-01  5.84801487539822560e+16
  1.29875472409152759e-01  5.76937039744172560e+16
  1.34605295934636104e-01  5.68350469715922560e+16
  1.38371636890113642e-01  5.60042458519420960e+16
  1.41174495275585371e-01  5.55236684014059200e+16
  1.44680136785632907e-01  5.50519190293613200e+16
  1.48888561420256194e-01  5.43582050577465040e+16
  1.53097399760521030e-01  5.36836561878276400e+16
  1.58008193814078823e-01  5.30253629678392640e+16
  1.62217445859985709e-01  5.21723160433958320e+16
  1.65023613890590171e-01  5.17558213812052000e+16
  1.68533257554635330e-01  5.13460760930914000e+16
  1.72746376852121242e-01  5.07420694589925440e+16
  1.78364322485268845e-01  5.01529227796548560e+16
  1.85036227797535757e-01  4.91985880197385680e+16
  1.91357266453260483e-01  4.83684176454416640e+16
  1.97328344925438992e-01  4.75638608938691040e+16
  2.02949463214069148e-01  4.68686875366167840e+16
  2.08570581502698971e-01  4.61915752652566160e+16
  2.14895604905286974e-01  4.55316063699399840e+16
  2.22627469841590098e-01  4.47291472169054480e+16
  2.30007953704223556e-01  4.37976102830776800e+16
  2.35982695431653067e-01  4.31201273487499200e+16
  2.43363397134804149e-01  4.25322835761331680e+16
  2.51447122393919087e-01  4.16041493821399920e+16
  2.57070262248398240e-01  4.09118329829698160e+16
  2.63395284011877062e-01  4.05050625186862320e+16
  2.70773662882761279e-01  3.97097257143791600e+16
  2.76570323465099133e-01  3.91284038922162320e+16
  2.81840014903587566e-01  3.86534489754102000e+16
  2.87284281580689527e-01  3.81871944943940560e+16
  2.92903123496403905e-01  3.76987842567398000e+16
  2.99923768713975081e-01  3.72189599688690400e+16
  3.06942475813499094e-01  3.65151489546261280e+16
  3.13961182913023329e-01  3.60558599159708640e+16
  3.22379967755233920e-01  3.53810221060806280e+16
  3.29391670519992741e-01  3.47228827841348000e+16
  3.36049110575270815e-01  3.42927965370373840e+16
  3.43404138230021028e-01  3.37123837325695480e+16
  3.50056029702212168e-01  3.31951342986156040e+16
  3.57403804449003826e-01  3.27377668005995120e+16
  3.65796428030738974e-01  3.21394941034388800e+16
  3.73485360745062556e-01  3.15537831002435400e+16
  3.81168533712659352e-01  3.10748221053091480e+16
  3.87448947807870203e-01  3.05105929974119040e+16
  3.92154065270080676e-01  3.02328790984727960e+16
  3.97381973561425017e-01  2.98893714136559560e+16
  4.02434464218791699e-01  2.95499768221250080e+16
  4.07396458420175744e-01  2.92366257221611880e+16
  4.12443373799554813e-01  2.89155089169477280e+16
  4.19307085584755157e-01  2.85986218111175160e+16
  4.27809267402940230e-01  2.80604459452212400e+16
  4.36822847294556282e-01  2.75528670397302080e+16
  4.45481794555050215e-01  2.69713393799047560e+16
  4.52052027660765632e-01  2.65223614096156600e+16
  4.58268638192632638e-01  2.62004438718386120e+16
  4.63794514220957910e-01  2.58024959376174880e+16
  4.70345847927495675e-01  2.55660438367462200e+16
  4.77922639312247099e-01  2.50606463410505720e+16
  4.83085407960305413e-01  2.47155735580010040e+16
  4.89268522699177644e-01  2.44874812841241000e+16
  4.96811349046316075e-01  2.40371497456645880e+16
  5.04340468062351110e-01  2.36670772894898600e+16
  5.12545641126667784e-01  2.32286997455383280e+16
  5.20396773244413247e-01  2.27960629073979440e+16
  5.25848568106864867e-01  2.24049449853871080e+16
  5.31624616553919016e-01  2.22288796871557000e+16
  5.39765162004642307e-01  2.18106580315589640e+16
  5.47888748010503690e-01  2.13979469594083440e+16
  5.55994933067064823e-01  2.09905413553274400e+16
  5.64083275669886475e-01  2.05882885047104640e+16
  5.72153334314529971e-01  2.01909988561927480e+16
  5.80204667496556192e-01  1.97985332677826640e+16
  5.86236145334594339e-01  1.94107156847661920e+16
  5.92236730256592514e-01  1.92181687074708680e+16
  6.00216914875228769e-01  1.88386067908221280e+16
  6.06855779702423437e-01  1.84623744802544040e+16
  6.13472066486282053e-01  1.82143990269986800e+16
  6.21395805996578732e-01  1.78455094274530780e+16
  6.29949114232479235e-01  1.74806123039694560e+16
  6.38458664824423594e-01  1.70601315042710460e+16
  6.45623668802958628e-01  1.67051369181497300e+16
  6.52125375864115675e-01  1.64119420021991480e+16
  6.58776471894098048e-01  1.61207208553795520e+16
  6.65637292179855566e-01  1.58175288000856760e+16
  6.73109131121697679e-01  1.55109926822286000e+16
  6.80332430327252990e-01  1.51574441086561740e+16
  6.87049445734261743e-01  1.48761569532705700e+16
  6.92858882942414711e-01  1.45704020405191140e+16
  6.98645055432692619e-01  1.43704361060214360e+16
  7.04568661751376446e-01  1.40691137522025760e+16
  7.11325292991070390e-01  1.38588395703122760e+16
  7.17517922974399758e-01  1.34884116126379620e+16
  7.23133572824263604e-01  1.33279896232827260e+16
  7.29820589715615364e-01  1.30092331589702620e+16
  7.35843206843699082e-01  1.27588593308755460e+16
  7.42972491893395648e-01  1.24984269222856360e+16
  7.50981107017341110e-01  1.21561636275559920e+16
  7.58398808708091288e-01  1.18234357576094500e+16
  7.65156270245578751e-01  1.15328268992656620e+16
  7.71215571426249413e-01  1.12570276551317400e+16
  7.78269077217276672e-01  1.10259223198179260e+16
  7.85010717416812609e-01  1.06681151788784440e+16
  7.90121795901811641e-01  1.04637067599052640e+16
  7.96224924885379992e-01  1.02424397205133260e+16
  8.03072003448113358e-01  9.95580142101838800e+15
  8.10729327197760918e-01  9.67292464847517400e+15
  8.17890555970324562e-01  9.31905196461488600e+15
  8.24339429347858865e-01  9.07735522120940000e+15
  8.31918085437481913e-01  8.78238788361375200e+15
  8.39115455739073424e-01  8.44596094417008600e+15
  8.45542997591379297e-01  8.18185265456507600e+15
  8.52842206985944484e-01  7.90846888015439800e+15
  8.60381741823387669e-01  7.56967023302437200e+15
  8.67350167428936780e-01  7.27396773256861300e+15
  8.73545371201171150e-01  6.98058270095100400e+15
  8.79010742805559575e-01  6.74798674470349000e+15
  8.86309815276035140e-01  6.51432784559051900e+15
  8.93563059843074270e-01  6.12101126339830200e+15
  8.98936775640590047e-01  5.88771382180376900e+15
  9.05400197342928315e-01  5.65283256412773400e+15
  9.11873378574726390e-01  5.31956512858834800e+15
  9.17266613431162003e-01  5.07910308036884400e+15
  9.24120266141484237e-01  4.83628708552645800e+15
  9.30799297644200552e-01  4.45629408873209500e+15
  9.38116021075855455e-01  4.22172502541174350e+15
  9.45715031286968211e-01  3.76545835152782200e+15
  9.51323597287107470e-01  3.49159725658807350e+15
  9.58630597512356797e-01  3.21158037887593650e+15
  9.66869671295168542e-01  2.74506734239840650e+15
  9.73891235359343743e-01  2.33661177758438750e+15
  9.80526019583126907e-01  1.95506344111647200e+15
  9.86905546662817379e-01  1.53407625701500800e+15
  9.92171734853185106e-01  1.10783863509734662e+15
  9.95820429435033905e-01  7.41275190684128000e+14
  9.97866483323524567e-01  4.60096292344254125e+14
  9.98866491940428980e-01  3.04538162979793938e+14
  9.99416109163946742e-01  1.94146287579039969e+14
  9.99690917775705179e-01  1.25674544051544391e+14
  9.99828322081584342e-01  8.35219262317875312e+13
  9.99897024234524090e-01  5.79653952215884531e+13
  9.99931375310993964e-01  4.28566626613641328e+13
  9.99954276028640510e-01  3.42280827071357461e+13
  9.99974294790609064e-01  2.43276292590622773e+13
  9.99987147395326903e-01  1.53214568927171719e+13
  9.99993573697685711e-01  9.65033032678962695e+12
  9.99996786848864949e-01  6.07869918540559863e+12
  9.99998393424454624e-01  3.82909137131995166e+12
  9.99999196712249461e-01  2.41207757300467725e+12
  9.99999598356146935e-01  1.51947447582057471e+12
  9.99999799178090898e-01  9.57193446758211304e+11
  9.99999899589052443e-01  6.02988036439522583e+11
  9.99999966529684481e-01  3.79856415914085388e+11
